0	9.960000000000000000000000000000000007312e-1
1	9.890000000000000000000000000000000004291e-1
2	9.680000000000000000000000000000000002839e-1
3	9.080000000000000000000000000000000000410e-1
4	7.528906249999999999999999999999999999053e-1
5	7.171386718749999999999999999999999999988e-1
6	6.305307617187499999999999999999999999191e-1
7	5.479560546874999999999999999999999998607e-1
8	4.923417053222656249999999999999999998775e-1
9	4.155657882690429687499999999999999998667e-1
10	3.723898468017578124999999999999999999388e-1
11	3.141841034889221191406249999999999999498e-1
12	2.782700642347335815429687499999999999880e-1
13	2.354287530779838562011718750000000000252e-1
14	2.065649810284376144409179687500000000195e-1
15	1.753184603452682495117187500000000000225e-1
16	1.527460854337550699710845947265625000181e-1
17	1.299146340660518035292625427246093750192e-1
18	1.127124349571822676807641983032226562655e-1
19	9.597018548438791185617446899414062501617e-2
20	8.300171216222770453896373510360717774601e-2
21	7.070778179072885905043222010135650636080e-2
22	6.100821643123185822332743555307388306293e-2
23	5.201095522893558609212050214409828186739e-2
24	4.479111302865965882347154547460377216581e-2
25	3.820256549722453343065353692509233951731e-2
26	3.285401797402641133061251821345649659512e-2
27	2.805402469343129145951110103851533494616e-2
28	2.420519359909100834404860336235287832055e-2
29	2.064726211977073386250047803969209780858e-2
30	1.798644347952260609535546365123082068795e-2
31	1.536267834796329226744807106008749997416e-2
32	1.336312179978069268648007555944090540916e-2
33	1.143244210398570057370744475211399304788e-2
34	9.929132767717491140390989774744401330864e-3
35	8.510026722954176704878163331642604294197e-3
36	7.378908707906709881297856043957592019932e-3
37	6.333696604542784324500201024793141768132e-3
38	5.485527533110549099514018787828849992935e-3
39	4.713526692789731364952320726032885915176e-3
40	4.078598927341545333900391533805851353941e-3
41	3.507796524605898912719300568753708556979e-3
42	3.033289290617203975832275919035357829521e-3
43	2.610348403277816204813670241811953474958e-3
44	2.256081327031024618734822609091691682306e-3
45	1.942808625970013199500023660788365711021e-3
46	1.678546524788575922730287444118287097550e-3
47	1.446106245456263577769986892731372683263e-3
48	1.249373010823469883059409727107398078064e-3
49	1.076588825565872324187164007121310577334e-3
50	9.301091233397881677408900215873956354171e-4
51	8.015680351753304480031541956112745262672e-4
52	6.925283029873482022239309658460602623566e-4
53	5.969231113512247498954124325639656967864e-4
54	5.157046041362797496490781080858929924767e-4
55	4.446139457804916910740946429262222195461e-4
56	3.841023255425461827695198664332462459917e-4
57	3.312059961428129964331998181549420013872e-4
58	2.861512989765246663553941035017786086419e-4
59	2.467754066978035515050799706244667583829e-4
60	2.131947141638165922251478649050050234631e-4
61	1.838887547969039662276039010153786831138e-4
62	1.588538968192628837460358226082885642949e-4
63	1.370457662564970775297175539085080862696e-4
64	1.183796691171032642210325813669717647856e-4
65	1.021505746382214379866938644508662840596e-4
66	8.822442480720322296266653288843205874382e-5
67	7.614628077105550025302443380285963786216e-5
68	6.575665541226462774334149663910789105501e-5
69	5.676434824138783719936181595062952450773e-5
70	4.901448425051547860206614069849403963525e-5
71	4.231687484814715309905364759498329788633e-5
72	3.653771365022714763724619627921550908780e-5
73	3.154916370815253802004107974387028150119e-5
74	2.724186108264565720992534309280731937120e-5
75	2.352285331200677039736733234278065667308e-5
76	2.031290229486946694918233045417784040790e-5
77	1.754077019481969429434311478890686456192e-5
78	1.514806973991042807592854328908753057910e-5
79	1.308125142550344968514687943543259471225e-5
80	1.129717410795255754449149698280562083930e-5
81	9.756191340552355246190355976825708545430e-6
82	8.425798042613487057736119297511359041480e-6
83	7.276658213757650563661378073869835142059e-6
84	6.284933656143132571052176317583136827676e-6
85	5.427754356117676106603230065144936144801e-6
86	4.688246150224298376160449565596670649278e-6
87	4.048935952103654516552714478903158747490e-6
88	3.497414042820989325884250543564404627808e-6
89	3.020437122675463225213127676675599958953e-6
90	2.609161431497642622043116151453736854523e-6
91	2.253261535651510027963091654446342084485e-6
92	1.946578850503815766833189391925087591182e-6
93	1.681079468072176634415805368463830752831e-6
94	1.452363934212475956437247949089836269964e-6
95	1.254237930801932087421230377753883277612e-6
96	1.083714630621778304291510686567474452302e-6
97	9.358051609758814590203887501601612919326e-7
98	8.086831093227568979511696637138428049290e-7
99	6.982923593935486834292562431782164286116e-7
100	6.034774557301331333046661566913746072861e-7
101	5.211300596139706504397841440731576257856e-7
102	4.503573510174277021935994359450296496932e-7
103	3.889399115307605749172900461911855385016e-7
104	3.360962975200156858068744020473669211404e-7
105	2.902933944663510085386882836993029685586e-7
106	2.508401706938390337842543810890974665315e-7
107	2.166831822680756135070315856020512458416e-7
108	1.872207967762785988398250862045931825618e-7
109	1.617408731131691065056512424896480986737e-7
110	1.397415648988587768148763538529374219811e-7
111	1.207330143618905048201754147225119277093e-7
112	1.043050279197990744905432936463732622830e-7
113	9.012593607423743703751103799217220557519e-8
114	7.785583674097601484236785173348270641105e-8
115	6.727943884555381465473591954057137104852e-8
116	5.811680610729289432734226107436591282689e-8
117	5.022582278617684457960270941600538218177e-8
118	4.338494757105156722066609984057854070783e-8
119	3.749689538070980250203882996615097400347e-8
120	3.238882961197661357773045723015669446414e-8
121	2.799455502897103475869928019557955949932e-8
122	2.418186287285337756823895492682063600197e-8
123	2.090125936501818381608813630538402675038e-8
124	1.805504148237088790450830825653356559170e-8
125	1.560602135320066670275046958126267607021e-8
126	1.348086023062282344462563242216041609671e-8
127	1.165256242068177991618670548494972246241e-8
128	1.006580768107412483268720067433675767795e-8
129	8.700851947521251587028207917161927317040e-9
130	7.516062308155218087570726833343409668476e-9
131	6.497043248876186025927973605780209055618e-9
132	5.612444201186198378117631758485896909217e-9
133	4.851668755532332682836418950407588959060e-9
134	4.191124616066904046861560912778526882665e-9
135	3.623128117087367467849852160422518090375e-9
136	3.129890245419272443963908693311885414613e-9
137	2.705789748586959201337441755133015582991e-9
138	2.337424001648301723334914713694156143726e-9
139	2.020781142063121029072502435773949423681e-9
140	1.745649486566359416540902985384199065406e-9
141	1.509213150978934359840055861007149280750e-9
142	1.303732843427287938908425077374294473657e-9
143	1.127184034430522574559308875466175354035e-9
144	9.737203853456304838930849425426194790865e-10
145	8.418851026835236444165681348751386133449e-10
146	7.272722519806967082279822228276576705628e-10
147	6.288084440926391077050508067387713049319e-10
148	5.432087438647167918914109786761530198628e-10
149	4.696782668950644296110575675095046747678e-10
150	4.057392745086374506894964408104147583945e-10
151	3.508349093272022353702793305421864750231e-10
152	3.030652919679822490847100562616858242243e-10
153	2.620723571460108661398844850422582066091e-10
154	2.263765757174933668641740869975485947152e-10
155	1.957690639034466613035379641384317647824e-10
156	1.690970360638508286966372819262089993569e-10
157	1.462427763104242039359626369905195383281e-10
158	1.263144157016469444475508388090934453772e-10
159	1.092465126275857309373970993932131036940e-10
160	9.435779262440424967986049562290981291610e-11
161	8.161026039350688953946164371890969833521e-11
162	7.048878116992339105521173567109282096985e-11
163	6.096770197029183363779086723262175295718e-11
164	5.265942203127393942808478118482876191966e-11
165	4.554868769780865907711501258450930003875e-11
166	3.934070678541566750827956675784590508659e-11
167	3.402969979590074806157359862211488359133e-11
168	2.939083206918227697134076313107744603681e-11
169	2.542411873974959585617854657871960069729e-11
170	2.195760136719562374748020951286286786903e-11
171	1.899507182196622244161616550166000562380e-11
172	1.640438202620768905249473120825126429090e-11
173	1.419190185468729849059668199576076211659e-11
174	1.225566270248031247121441394549370755741e-11
175	1.060331366369430567445660892791833008212e-11
176	9.156259911027745834700177322883490707466e-12
177	7.922216927368666791338220478426999409648e-12
178	6.840738152495977154829783561089817545188e-12
179	5.919076625097907380964640444953561263032e-12
180	5.110816579868981930343729270461608071516e-12
181	4.422449846663626210818392920964531399068e-12
182	3.818402748652943297233388809498697369600e-12
183	3.304280796956495977957895832305335736231e-12
184	2.852836900651721777931389744344959166931e-12
185	2.468854198509037224101837890962806087398e-12
186	2.131449889881764003776304767750097063183e-12
187	1.844681731496629332109977821896268479377e-12
188	1.592483396276643634362154695924281832553e-12
189	1.378321293902851095770347067994644894888e-12
190	1.189809620346697545962226859322192041712e-12
191	1.029877630011616490749149152962501710561e-12
192	8.889642206796691178960697995487934880424e-13
193	7.695252920910608798559486513979927999618e-13
194	6.641940516854037358189353110020857925149e-13
195	5.749925761465332226643531894521104456792e-13
196	4.962638664712433398318669797096756517005e-13
197	4.296399397233283995253656864961961574548e-13
198	3.707972418044530521322052002162118116454e-13
199	3.210346709727763769799712223709214514579e-13
200	2.770547280303471273604525566874373144817e-13
201	2.398841674825588165064345977149470127605e-13
202	2.070127111809802868931253766977172817959e-13
203	1.792470703460248554025177697409066385421e-13
204	1.546784481589523320789959818957671862682e-13
205	1.339378211925069348773124031230224507164e-13
206	1.155761263718748477352708455528663680877e-13
207	1.000817914987347337065617201663150451709e-13
208	8.635986494098977287338660494733096986765e-14
209	7.478395343023408938392903646736533167931e-14
210	6.453036327794438799548095802057975576194e-14
211	5.588107239542141368612530358017117803531e-14
212	4.821933506844264671134387177964090997528e-14
213	4.175626385677993154169776031149719284025e-14
214	3.603130855267160273719392106257401841116e-14
215	3.120193948918047351882810238434569675259e-14
216	2.692406790811187695203106172900307458938e-14
217	2.331541648745160018511469057185555140579e-14
218	2.011880876812949215350731941194416630844e-14
219	1.742229193984364559506383327154446713417e-14
220	1.503370194115645540966643842027317427576e-14
221	1.301870880825977061926667040479551381766e-14
222	1.123396241768185281170002243137413023243e-14
223	9.728191658737576684328074713408165735681e-15
224	8.394684251940043455297971965250359351403e-15
225	7.269401858564299222899771647219383153960e-15
226	6.273028123519648145373219618958165505730e-15
227	5.432080999176452436754683690952026954490e-15
228	4.687599188105094552371753799839051814363e-15
229	4.059156918570085611847194531009309582190e-15
230	3.502880537427294264859999723998666473238e-15
231	3.033241801644344066222820905044915924663e-15
232	2.617612288211976695170786530533840887555e-15
233	2.266628568858931587274949411832274330547e-15
234	1.956086024887718364640791063605715466363e-15
235	1.693769891529334876454790767196891501098e-15
236	1.461748588571606510104189332717235116445e-15
237	1.265700474015910827245652393702623543779e-15
238	1.092342908661339703865226591110943547084e-15
239	9.458282612220952558513489485596989097216e-16
240	8.162918703572468998189388947764290649663e-16
241	7.067973409048472445758396972101027480873e-16
242	6.100041646146576118353687600387194340584e-16
243	5.281748886470531575388474586592838990695e-16
244	4.558484502793711541125542335039105622553e-16
245	3.946968442601425055122625817013144330444e-16
246	3.406506542846688663917952884670396508507e-16
247	2.949511900019858323560422472378357743175e-16
248	2.545663232381451505222219357629735668404e-16
249	2.204127899500277113739937392944179513163e-16
250	1.902360189219468398607872105667237134786e-16
251	1.647113669968340942120029739313038162309e-16
252	1.421629433549112286619821558674404390183e-16
253	1.230865196546420874151009271869318955521e-16
254	1.062389589755177978622309155898107495112e-16
255	9.198087842772141926665098528909589316000e-17
256	7.939282540325053556378981367183581554089e-17
257	6.873607893625596215719393060543142801147e-17
258	5.933059150048416578419464469310067103724e-17
259	5.136556806978080315312819842252159375684e-17
260	4.433802103386971020316822629553474201794e-17
261	3.838482603827446941232177608772628364961e-17
262	3.313400608547744451865159485505133579151e-17
263	2.868449427075084905734719261475394382128e-17
264	2.476127349959995971953533193596768269839e-17
265	2.143556607633413105429927244276155788292e-17
266	1.850438347100799508467680573436167275166e-17
267	1.601853723399362821747375125199210026566e-17
268	1.382853488570661031979449548820495329557e-17
269	1.197047094548067781589525172444061814371e-17
270	1.033421825330887381302401167331281728168e-17
271	8.945418157269842508587995760669191479818e-18
272	7.722887606938320945563493933336342552084e-18
273	6.684827068161581429602517292363554887491e-18
274	5.771413868901693727462354605103143555990e-18
275	4.995512343040591532966878597976429603687e-18
276	4.313051268581345487825235294982261142853e-18
277	3.733109540457567069512692801349138268511e-18
278	3.223197539121185105571950966585656779572e-18
279	2.789731134470504576185686687178012234273e-18
280	2.408735582535767455090955506400443766887e-18
281	2.084752699792020510542260486246557075264e-18
282	1.800077649171089504657864480740095601068e-18
283	1.557925998934967228531917313079957081964e-18
284	1.345220149495353109569488528680004679602e-18
285	1.164231080602645724648060260269202168307e-18
286	1.005300310135190776397653238186429238155e-18
287	8.700248096524092412823479003988539941181e-19
288	7.512747820210635850804790350223917650168e-19
289	6.501658712981992764110993280898176302612e-19
290	5.614378597054448257064357052424208194353e-19
291	4.858663068042380894878991861312636737657e-19
292	4.195700425975352797047056190731615432245e-19
293	3.630859807767629827637482974047120163559e-19
294	3.135502446549035112762147995346863803160e-19
295	2.713327772940541460932678551834940381709e-19
296	2.343205284744471782008167811228903410769e-19
297	2.027659943090403285345418907805532279821e-19
298	1.751110981734937743355747010711641972352e-19
299	1.515263160074662514823307682507094735321e-19
300	1.308631447395741604569411463001947128404e-19
301	1.132351053264730584306682736824563777859e-19
302	9.779608036009745004772631691441170934534e-20
303	8.462024547484782277089198999454135478917e-20
304	7.308452385257754961152178286968023507799e-20
305	6.323648175817110708197766055516485352529e-20
306	5.461718027083600402851014841566402700311e-20
307	4.725646081502209895647888942388165161608e-20
308	4.081627311700984681863689671053017352526e-20
309	3.531466894772370768729218893337987090370e-20
310	3.050267108800184103703410859574275648816e-20
311	2.639065019855268475810015159212879543899e-20
312	2.279514007779541466863144416282296256122e-20
313	1.972177232905459599076097434137460894947e-20
314	1.703517232852657147875973384976361874112e-20
315	1.473811451845394309221615944856790898136e-20
316	1.273068817909634797361161540749346977497e-20
317	1.101385275135870660325537651180520434822e-20
318	9.513870983564779648163546660895035267212e-21
319	8.230721039564562594704828251889547474616e-21
320	7.109889701299263240315156006964647524494e-21
321	6.150874306586218162272905772546459902311e-21
322	5.313360623671530666092103971601516721454e-21
323	4.596596702833982851053671214289185865089e-21
324	3.970778516538404475595042524106871923448e-21
325	3.435083611417339498163251952281691593544e-21
326	2.967440795560455610363521446457356593489e-21
327	2.567075996804728152637697325491452748158e-21
328	2.217630090870013055070035928597304948441e-21
329	1.918404037289708519221050365612898109383e-21
330	1.657280913556124865456151375906145574636e-21
331	1.433644179100481482612799393945327447328e-21
332	1.238519908371214541413798373111069779457e-21
333	1.071377732123037525061339010864394408844e-21
334	9.255709154101148934134821677123127141607e-22
335	8.006532719373290263795498987091510472273e-22
336	6.916975760558585211468321682681444270611e-22
337	5.983379787986695497427169863327240985381e-22
338	5.169191949026671080361012665951925946730e-22
339	4.471458940513907534987860003877660157581e-22
340	3.863052313432665730466929247123456332366e-22
341	3.341582067489129524428078599998545199979e-22
342	2.886954312027536596533865310853753466958e-22
343	2.497214196101026766304622568441318480837e-22
344	2.157493540758454165786201491908587772995e-22
345	1.866205056756592973118546691478683059387e-22
346	1.612348413746089134186426037835071970980e-22
347	1.394642302782455083724461164904152205409e-22
348	1.204947394052936755918283266765573056489e-22
349	1.042236346617696591231866154667240224838e-22
350	9.004863295888453824610887625623617682570e-23
351	7.788781219666170204205493266753224786715e-23
352	6.729556922059132040098454137728625590177e-23
353	5.820672571143006793043638950052381951445e-23
354	5.029161943904586879412560711877305292752e-23
355	4.349886326061972566139434546777543771637e-23
356	3.758413652928185552676010242470083418300e-23
357	3.250742208283506587505643564341880863984e-23
358	2.808753818475911757477579298176778875356e-23
359	2.429334782974879571269467541681760132269e-23
360	2.099050012308294724251859260504494104397e-23
361	1.815484231312578914950228594909020433794e-23
362	1.568670416326795452858145906903012731809e-23
363	1.356743942581706802304128929767000575244e-23
364	1.172304520745085759495422130561878720312e-23
365	1.013918987525241740631480106927654543700e-23
366	8.760905398540767645549826704424427238798e-24
367	7.577195571116202083518545112053589521395e-24
368	6.547226465190251566619193327755225875123e-24
369	5.662575251724996446226257254279853587776e-24
370	4.892891223026455895029824877900712300237e-24
371	4.231746467183898074660213543923850938141e-24
372	3.656567435796104816245013851321969852442e-24
373	3.162460940117562631100145620132192426396e-24
374	2.732633865471383861225384014440912127829e-24
375	2.363363799008102872293018097977932269447e-24
376	2.042157342845011171954889096507944795997e-24
377	1.766184333988832138763925247150579284986e-24
378	1.526149725953201892547843660528186583636e-24
379	1.319902470661140849850134645888985379710e-24
380	1.140527926832165871753892244727991702649e-24
381	9.863878842834056172542422482892821325778e-25
382	8.523441045449647735837469526303223844137e-25
383	7.371459661883364812413280026868954965023e-25
384	6.369773174978710785726580632997810350119e-25
385	5.508827035769148403329659702406202943766e-25
386	4.760283285127229238012202335476130469586e-25
387	4.116846384382489421342923514804050259923e-25
388	3.557471731052847740543213935525779048185e-25
389	3.076593171548577392345736932377472370253e-25
390	2.658581319947828553634017744464952426685e-25
391	2.299192681440676881024557415170441342825e-25
392	1.986818867263431755882180300745442038522e-25
393	1.718227059614052956355199164056399017344e-25
394	1.484794809730869008493331210668874939999e-25
395	1.284060929597593227279635335552847431612e-25
396	1.109620439542608721234251573544103323802e-25
397	9.596008042990981743157536675768855172859e-26
398	8.292453540835319535994412023915134463617e-26
399	7.171260042136690873986813832686946494209e-26
400	6.197143132769805786933200527433578024537e-26
401	5.359203362275405568076328290525539680797e-26
402	4.631267255171772328492089844396288731856e-26
403	4.005026301731541139948323897677270034869e-26
404	3.461051006357519041772032447326377033960e-26
405	2.993026834281091681503775257358116692024e-26
406	2.586520940940003871016404459201333414623e-26
407	2.236741206224214093383719922458907541160e-26
408	1.932964349883467476412188330545508569091e-26
409	1.671555338469375881304151695415097157078e-26
410	1.444546542086381474817995254250838825487e-26
411	1.249181873917944398447639032627872535568e-26
412	1.079540863142506411044423536716243598971e-26
413	9.335347431049574409778388325749435048286e-27
414	8.067639587629232179761092220929227300675e-27
415	6.976461412045319945309649972146683127169e-27
416	6.029117515650794564230927109851265826569e-27
417	5.213626641179131105234163953467896279564e-27
418	4.505685460502667953319407495242405759208e-27
419	3.896234410956742946805743969828280695705e-27
420	3.367191807734598291374394509654824530929e-27
421	2.911724982514181692346256390570996189365e-27
422	2.516371213190580269396913613674277182987e-27
423	2.175983114996090230813644601659133421447e-27
424	1.880535038987144100808744963261847457726e-27
425	1.626149930321643380599134731092471919524e-27
426	1.405361407657603725735177249782238260754e-27
427	1.215250039484394462534201496678553381126e-27
428	1.050254660181376355672849109428064270023e-27
429	9.081777725414854478649483384534811377069e-28
430	7.848761490978695568543140324389117433469e-28
431	6.786970909674138512364396416160282447532e-28
432	5.865533536327729498511382842528588428842e-28
433	5.072020543409438605313568623010709250081e-28
434	4.383427125025699427222610503210974198750e-28
435	3.790407643565041820916397093204668583471e-28
436	3.275819320084925821287935599966768628187e-28
437	2.832635773271331285095485068137685550771e-28
438	2.448082065220932398898359885034829048250e-28
439	2.116876175358377210834460198097759533601e-28
440	1.829497793291459234289351920112989916755e-28
441	1.581976689714395729632221553955346653141e-28
442	1.367218676686904592048515776418522431881e-28
443	1.182237176222600487267916416124379216647e-28
444	1.021748588849957073704634002909703065902e-28
445	8.835050841532865872567512722647273083249e-29
446	7.635720019699743051396292883907202399875e-29
447	6.602575942425424971720358259946436570660e-29
448	5.706316183074309505428079596905030534971e-29
449	4.934210466046480575617758148658272015002e-29
450	4.264435575192333166902397179512293089815e-29
451	3.687413572158503482229679789688926242408e-29
452	3.186891272309426874487282310611062668784e-29
453	2.755661991109046255525364140367376071957e-29
454	2.381623174591542437708630928705199638912e-29
455	2.059349034481249524108616344022333271878e-29
456	1.779830892177829211059096734777309809549e-29
457	1.538983256211068067009731584471258689787e-29
458	1.330100104504383033487134912560846841689e-29
459	1.150106249669627161519234505798448412939e-29
460	9.940078428940649087134782563550118521313e-30
461	8.594930219590562900327729873787053133413e-30
462	7.428398489412412856759317045234188248396e-30
463	6.423132009356440767432719529086633710015e-30
464	5.551373851500400097395777515174857277281e-30
465	4.800111628169859227147176057582829742140e-30
466	4.148639139703004828107661695243421399007e-30
467	3.587201234568562779719556086779713976154e-30
468	3.100350180694570816792622547058430909412e-30
469	2.680773114095356148755286612677815209059e-30
470	2.316945110559465319023870334644097175875e-30
471	2.003384436004933446299057574377370112008e-30
472	1.731492637265960745195182603254563900707e-30
473	1.497160811242123579324998835904503947872e-30
474	1.293973740845814204910932622216200666854e-30
475	1.118851701694525203513078886711503825971e-30
476	9.670082714163695110943091046390353878758e-31
477	8.361352348227626834907366920577321014839e-31
478	7.226619873064090611931589615828945974445e-31
479	6.248567236100320992649336642921691868869e-31
480	5.400579543062780099513089540986306632972e-31
481	4.669649618437928930126929384868828970170e-31
482	4.035946775497454084803834125263022907683e-31
483	3.489699809400435826822514214210842426267e-31
484	3.016132405718524381823213770982327334741e-31
485	2.607905036242107071351436546201042578018e-31
486	2.254007311366078752477321291177298935463e-31
487	1.948926254363181869680961684384030081601e-31
488	1.684457933550808136519855950017334922302e-31
489	1.456461371813713679621352418725462566138e-31
490	1.258823765782037028535036862994024404130e-31
491	1.088434923482257493732055661587091431469e-31
492	9.407400059125513704591115883617500532392e-32
493	8.134032440384636071887809896798426921268e-32
494	7.030305720937530308820113131617720571402e-32
495	6.078679797988628264546909637607876894793e-32
496	5.253862804536231570527597821727538168616e-32
497	4.542684460834739971920573293912952284238e-32
498	3.926297164247641831834364795947844753976e-32
499	3.394812667201285236513395688837935156184e-32
500	2.934185225609026906820929987474024544553e-32
501	2.536991404095671047768438886380413579471e-32
502	2.192763589623094571506751450295994435422e-32
503	1.895929201127585390887455490197019898755e-32
504	1.638687043373234398453998090287311582199e-32
505	1.416854266936420262388933533816411095948e-32
506	1.224616657213742945980108314108655939680e-32
507	1.058834752910222358079048699801145966388e-32
508	9.151751647000898072433718304436467571938e-33
509	7.912817295254640666398138959695834210606e-33
510	6.839245964302996912824781061300117209064e-33
511	5.913356155680795307728760071686597842917e-33
512	5.111073808220099011565834214112524625394e-33
513	4.419131074709259892162625012755656908177e-33
514	3.819583491479576547574396427785439847802e-33
515	3.302476745075432856155420587062259090911e-33
516	2.854432725422746742596714359425747485522e-33
517	2.467986500990397498087082991274686508386e-33
518	2.133160526812100284141499277163141459275e-33
519	1.844360201681065805775076679145059332132e-33
520	1.594142714941310410309704972479643744992e-33
521	1.378315506426451834838483572706912384922e-33
522	1.191326540682170013303084028551515567028e-33
523	1.030033878577004141754655703847998853073e-33
524	8.902959889119839960904464323599354690655e-34
525	7.697581779971668773365773649414220517778e-34
526	6.653311743581385895040275584273242378090e-34
527	5.752505598263711770684457947745521617656e-34
528	4.972116824477502814545773724421818166148e-34
529	4.298923578854967538173385304804822216556e-34
530	3.715735260966069214792126355167023728054e-34
531	3.212642103310546858368326353780260407091e-34
532	2.776822148709191933432984516706540190096e-34
533	2.400849837230002214969637103763966213947e-34
534	2.075158780032569955959087370877400212672e-34
535	1.794186529813198178089396245247671597307e-34
536	1.550795143934414465069804641907142326657e-34
537	1.340818419017233897471129712910375617832e-34
538	1.158930785940862015562750108880521009205e-34
539	1.002011502354294981742333399433530125788e-34
540	8.660852679161863008117272062393373365009e-35
541	7.488163041789425650494086907538870120543e-35
542	6.472376645490320227601549064579494789880e-35
543	5.595992801542014045464208942993677606499e-35
544	4.836896661511886339170796311135469100260e-35
545	4.181960054238226771306264818200369361855e-35
546	3.614676123258487409037766371378820498973e-35
547	3.125224497188198560901633442456172114925e-35
548	2.701301515429593354329107322246928087468e-35
549	2.335514420541953496789603378622464137144e-35
550	2.018719553953123494559637257380524900297e-35
551	1.745365459920352778900403480108994380735e-35
552	1.508615559726529891556328013167807066611e-35
553	1.304334099199364797059310890190285764939e-35
554	1.127411006949516271931107159325410137209e-35
555	9.747442521083226692787397519133082953523e-36
556	8.425358629378000650591280382338632473514e-36
557	7.284354247081548717014067955722678174005e-36
558	6.296399458850899011952413926396915187969e-36
559	5.443689657868420989265112138411815165343e-36
560	4.705340878335936459998333256363651832208e-36
561	4.068143158102969375814235253199607813430e-36
562	3.516384017748738427859964533848169937410e-36
563	3.040188271577004623667453660749324172468e-36
564	2.627852633546133958213517800898206461292e-36
565	2.272030263963487134573352350937177768397e-36
566	1.963824599138758754127076736487847074247e-36
567	1.697920659731805075505652627308672389109e-36
568	1.467574276493523619110138297661196004625e-36
569	1.268908269570494193477482568195351382929e-36
570	1.096771241600104479084238461166231465933e-36
571	9.482273265645536943858453870289672171933e-37
572	8.196289333508166259481523102884183186995e-37
573	7.087576607548267985669115909463601710649e-37
574	6.125599785293310044577513157322740501652e-37
575	5.297186212763130571798569092785207695600e-37
576	4.578229072216256874297768611083750207301e-37
577	3.958425568927464313028217756728553920586e-37
578	3.420814834700073886104918402436944343375e-37
579	2.958853590432828719704216448343524209687e-37
580	2.556384528520432235042264270657860796950e-37
581	2.210365598152650973236134963302181692031e-37
582	1.910809689122303390028672268587196331067e-37
583	1.652005781512064406950985108121614995067e-37
584	1.428070663849312712012507295622953300145e-37
585	1.235818792361067985062249335104109945758e-37
586	1.068104217502536534950694249080506338795e-37
587	9.238076941642928437869538362593771574459e-38
588	7.990549123521716573333381690888424415895e-38
589	6.910621085888838669894330033279217754364e-38
590	5.981360659140165097920997780465342875268e-38
591	5.172921307024348713656366231306391196944e-38
592	4.480998240658983679058557688522496097036e-38
593	3.879188754898647520804055608797142291766e-38
594	3.358022314202047395200729058114623211952e-38
595	2.915490017090727244495701777744334433828e-38
596	2.523180256940808537612580965639156249849e-38
597	2.182814949305253609768117700711035308957e-38
598	1.886932460121225675023057307674869465737e-38
599	1.642420451600574074244404102178445315956e-38
600	1.427181007480282172150519238185114198191e-38
601	1.235761395175969240555024299140378390793e-38
602	1.089685559099664469667307771443571005536e-38
603	9.513583430116902072549710988505235405197e-39
604	8.374249305906823604132747108433869355163e-39
605	7.389887581463355305223380330437701709920e-39
606	6.540409242001936598292848067210688231808e-39
607	5.817204709757755807257394924193095676119e-39
608	5.314979340143741369038330241541989734668e-39
609	4.844322422334036409793035338943239023823e-39
610	4.459761282172448211385294381941820760084e-39
611	4.169905497423788449898862765097468188160e-39
612	3.905878445969563716663697331932315350369e-39
613	3.707858157378895166737323257058450722026e-39
614	3.575844631651782800119740540475874303130e-39
615	3.426611950395047081334647034773831394813e-39
616	3.349125750511741996580848483736232192418e-39
617	3.234331380314252982130776556273122262943e-39
618	3.165454758195759573460733399795256305259e-39
619	3.125276728626638418403208225183167829943e-39
620	3.096578136077266164790690243317390347574e-39
621	3.056400106508145009733165068705301872258e-39
622	3.039180950978521657565654279585835382837e-39
623	3.010482358429149403953136297720057900468e-39
624	2.990393343644588826424373710414013662810e-39
625	2.976044047369902699618114719481124921626e-39
626	2.970304328860028248895611123107969425152e-39
627	2.964564610350153798173107526734813928678e-39
628	2.967434469605091023534359324921391676915e-39
629	2.955955032585342122089352132175080683968e-39
630	2.955955032585342122089352132175080683968e-39
631	2.947345454820530446005596737615347439257e-39
632	2.950215314075467671366848535801925187494e-39
633	2.941605736310655995283093141242191942784e-39
634	2.932996158545844319199337746682458698073e-39
635	2.938735877055718769921841343055614194547e-39
636	2.932996158545844319199337746682458698073e-39
637	2.930126299290907093838085948495880949836e-39
638	2.932996158545844319199337746682458698073e-39
639	2.930126299290907093838085948495880949836e-39
640	2.930126299290907093838085948495880949836e-39
641	2.924386580781032643115582352122725453362e-39
642	2.927256440035969868476834150309303201599e-39
643	2.924386580781032643115582352122725453362e-39
644	2.921516721526095417754330553936147705125e-39
645	2.915777003016220967031826957562992208652e-39
646	2.915777003016220967031826957562992208652e-39
647	2.910037284506346516309323361189836712178e-39
648	2.915777003016220967031826957562992208652e-39
649	2.915777003016220967031826957562992208652e-39
650	2.918646862271158192393078755749569956889e-39
651	2.915777003016220967031826957562992208652e-39
652	2.918646862271158192393078755749569956889e-39
653	2.915777003016220967031826957562992208652e-39
654	2.918646862271158192393078755749569956889e-39
655	2.912907143761283741670575159376414460415e-39
656	2.915777003016220967031826957562992208652e-39
657	2.910037284506346516309323361189836712178e-39
658	2.912907143761283741670575159376414460415e-39
659	2.910037284506346516309323361189836712178e-39
660	2.910037284506346516309323361189836712178e-39
661	2.910037284506346516309323361189836712178e-39
662	2.912907143761283741670575159376414460415e-39
663	2.910037284506346516309323361189836712178e-39
664	2.912907143761283741670575159376414460415e-39
665	2.910037284506346516309323361189836712178e-39
666	2.912907143761283741670575159376414460415e-39
667	2.904297565996472065586819764816681215704e-39
668	2.907167425251409290948071563003258963941e-39
669	2.904297565996472065586819764816681215704e-39
670	2.907167425251409290948071563003258963941e-39
671	2.904297565996472065586819764816681215704e-39
672	2.907167425251409290948071563003258963941e-39
673	2.904297565996472065586819764816681215704e-39
674	2.907167425251409290948071563003258963941e-39
675	2.904297565996472065586819764816681215704e-39
676	2.907167425251409290948071563003258963941e-39
677	2.904297565996472065586819764816681215704e-39
678	2.907167425251409290948071563003258963941e-39
679	2.904297565996472065586819764816681215704e-39
680	2.907167425251409290948071563003258963941e-39
681	2.904297565996472065586819764816681215704e-39
682	2.907167425251409290948071563003258963941e-39
683	2.904297565996472065586819764816681215704e-39
684	2.907167425251409290948071563003258963941e-39
685	2.904297565996472065586819764816681215704e-39
686	2.907167425251409290948071563003258963941e-39
687	2.904297565996472065586819764816681215704e-39
688	2.904297565996472065586819764816681215704e-39
689	2.904297565996472065586819764816681215704e-39
690	2.904297565996472065586819764816681215704e-39
691	2.904297565996472065586819764816681215704e-39
692	2.907167425251409290948071563003258963941e-39
693	2.904297565996472065586819764816681215704e-39
